         ps       /test02/mclk  /test02/TX_ERROR      
          delta           /test02/Q                   
                                                      
          0  +0              0 xxxx            0 
          0  +3              0 0000            0 
     100000  +0              1 0000            0 
     200000  +0              0 0000            0 
     300000  +0              1 0000            0 
     300100  +1              1 0001            0 
     300200  +1              1 0011            0 
     300300  +1              1 0111            0 
     300400  +1              1 1111            0 
     400000  +0              0 1111            0 
     500000  +0              1 1111            0 
     500100  +1              1 1110            0 
     600000  +0              0 1110            0 
     700000  +0              1 1110            0 
     700100  +1              1 1111            0 
     700200  +1              1 1101            0 
     800000  +0              0 1101            0 
     900000  +0              1 1101            0 
     900100  +1              1 1100            0 
    1000000  +0              0 1100            0 
    1100000  +0              1 1100            0 
    1100100  +1              1 1101            0 
    1100200  +1              1 1111            0 
    1100300  +1              1 1011            0 
    1200000  +0              0 1011            0 
    1300000  +0              1 1011            0 
    1300100  +1              1 1010            0 
    1400000  +0              0 1010            0 
    1500000  +0              1 1010            0 
    1500100  +1              1 1011            0 
    1500200  +1              1 1001            0 
    1600000  +0              0 1001            0 
    1700000  +0              1 1001            0 
    1700100  +1              1 1000            0 
    1800000  +0              0 1000            0 
    1900000  +0              1 1000            0 
    1900100  +1              1 1001            0 
    1900200  +1              1 1011            0 
    1900300  +1              1 1111            0 
    1900400  +1              1 0111            0 
    2000000  +0              0 0111            0 
    2100000  +0              1 0111            0 
    2100100  +1              1 0110            0 
    2200000  +0              0 0110            0 
    2300000  +0              1 0110            0 
    2300100  +1              1 0111            0 
    2300200  +1              1 0101            0 
    2400000  +0              0 0101            0 
    2500000  +0              1 0101            0 
    2500100  +1              1 0100            0 
    2600000  +0              0 0100            0 
    2700000  +0              1 0100            0 
    2700100  +1              1 0101            0 
    2700200  +1              1 0111            0 
    2700300  +1              1 0011            0 
    2800000  +0              0 0011            0 
    2900000  +0              1 0011            0 
    2900100  +1              1 0010            0 
    3000000  +0              0 0010            0 
    3100000  +0              1 0010            0 
    3100100  +1              1 0011            0 
    3100200  +1              1 0001            0 
    3200000  +0              0 0001            0 
    3300000  +0              1 0001            0 
    3300100  +1              1 0000            0 
    3400000  +0              0 0000            0 
    3500000  +0              1 0000            0 
    3500100  +1              1 0001            0 
    3500200  +1              1 0011            0 
    3500300  +1              1 0111            0 
    3500400  +1              1 1111            0 
    3600000  +0              0 1111            0 
    3700000  +0              1 1111            0 
    3700100  +1              1 1110            0 
    3800000  +0              0 1110            0 
    3900000  +0              1 1110            0 
    3900100  +1              1 1111            0 
    3900200  +1              1 1101            0 
    4000000  +0              0 1101            0 
    4100000  +0              1 1101            0 
    4100100  +1              1 1100            0 
