         ps       /test03/mclk  /test03/TX_FILE                    
          delta          /test03/Q          /test03/TX_ERROR       
                                                                   
          0  +0              0 xxx            2            0 
          0  +4              0 111            2            0 
     100000  +0              1 111            2            0 
     200000  +0              0 111            2            0 
     300000  +0              1 111            2            0 
     300100  +2              1 110            2            0 
     300200  +2              1 100            2            0 
     300300  +2              1 000            2            0 
     400000  +0              0 000            2            0 
     500000  +0              1 000            2            0 
     500100  +2              1 001            2            0 
     600000  +0              0 001            2            0 
     700000  +0              1 001            2            0 
     700100  +2              1 000            2            0 
     700200  +2              1 010            2            0 
     800000  +0              0 010            2            0 
     900000  +0              1 010            2            0 
     900100  +2              1 011            2            0 
    1000000  +0              0 011            2            0 
    1100000  +0              1 011            2            0 
    1100100  +2              1 010            2            0 
    1100200  +2              1 000            2            0 
    1100300  +2              1 100            2            0 
    1200000  +0              0 100            2            0 
    1300000  +0              1 100            2            0 
    1300100  +2              1 101            2            0 
    1400000  +0              0 101            2            0 
    1500000  +0              1 101            2            0 
    1500100  +2              1 100            2            0 
    1500200  +2              1 110            2            0 
    1600000  +0              0 110            2            0 
    1700000  +0              1 110            2            0 
    1700100  +2              1 111            2            0 
    1800000  +0              0 111            2            0 
    1900000  +0              1 111            2            0 
    1900100  +2              1 110            2            0 
    1900200  +2              1 100            2            0 
    1900300  +2              1 000            2            0 
    2000000  +0              0 000            2            0 
    2100000  +0              1 000            2            0 
    2100100  +2              1 001            2            0 
    2200000  +0              0 001            2            0 
    2300000  +0              1 001            2            0 
    2300100  +2              1 000            2            0 
    2300200  +2              1 010            2            0 
    2400000  +0              0 010            2            0 
    2500000  +0              1 010            2            0 
    2500100  +2              1 011            2            0 
    2600000  +0              0 011            2            0 
    2700000  +0              1 011            2            0 
    2700100  +2              1 010            2            0 
    2700200  +2              1 000            2            0 
    2700300  +2              1 100            2            0 
    2800000  +0              0 100            2            0 
    2900000  +0              1 100            2            0 
    2900100  +2              1 101            2            0 
    3000000  +0              0 101            2            0 
    3100000  +0              1 101            2            0 
    3100100  +2              1 100            2            0 
    3100200  +2              1 110            2            0 
    3200000  +0              0 110            2            0 
    3300000  +0              1 110            2            0 
    3300100  +2              1 111            2            0 
    3400000  +0              0 111            2            0 
    3500000  +0              1 111            2            0 
    3500100  +2              1 110            2            0 
    3500200  +2              1 100            2            0 
    3500300  +2              1 000            2            0 
    3600000  +0              0 000            2            0 
    3700000  +0              1 000            2            0 
    3700100  +2              1 001            2            0 
    3800000  +0              0 001            2            0 
    3900000  +0              1 001            2            0 
    3900100  +2              1 000            2            0 
    3900200  +2              1 010            2            0 
    4000000  +0              0 010            2            0 
    4100000  +0              1 010            2            0 
    4100100  +2              1 011            2            0 
    4200000  +0              0 011            2            0 
    4300000  +0              1 011            2            0 
    4300100  +2              1 010            2            0 
    4300200  +2              1 000            2            0 
    4300300  +2              1 100            2            0 
    4400000  +0              0 100            2            0 
    4500000  +0              1 100            2            0 
    4500100  +2              1 101            2            0 
    4600000  +0              0 101            2            0 
    4700000  +0              1 101            2            0 
    4700100  +2              1 100            2            0 
    4700200  +2              1 110            2            0 
    4800000  +0              0 110            2            0 
    4900000  +0              1 110            2            0 
    4900100  +2              1 111            2            0 
    5000000  +0              0 111            2            0 
