         ps       /test01/mclk                       
          delta          /test01/F                   
                               /test01/TX_ERROR      
          0  +0              0 StX            0 
          0  +4              0 St1            0 
     100000  +0              1 St1            0 
     200000  +0              0 St1            0 
     300000  +0              1 St1            0 
     300100  +2              1 St0            0 
     400000  +0              0 St0            0 
     500000  +0              1 St0            0 
     500100  +2              1 St1            0 
     600000  +0              0 St1            0 
     700000  +0              1 St1            0 
     700100  +2              1 St0            0 
     800000  +0              0 St0            0 
     900000  +0              1 St0            0 
     900100  +2              1 St1            0 
    1000000  +0              0 St1            0 
    1100000  +0              1 St1            0 
    1100100  +2              1 St0            0 
